# Figma 414 layout export: chapter|state|type|desk x|desk y|desk w|mob x|mob y|mob w|mob h|mob font|fixed width|visible|mobile text
#H 896,1016,1732,2590,1478,3472,1395,985,1478
#S 474,522,522,522,619
#K 0.5
0|-1|B|48|830|1344|20|800|374|19.5||0|1|
0|-1|I|-80|-70|1650|-700|-20|1728|1080||0|1|
0|-1|T|36|214|1232|16|300|308|46|58|0|1|
0|-1|T|30|400|1480|14|364|370|46|58|0|1|
0|-1|T|48|96|201|20|52|155|12|10|0|1|
0|-1|T|732|96|47|357|52|37|12|10|0|1|
0|-1|T|48|690|546|20|560|300|52|20|1|1|
0|-1|T|1301|740|91|324|840|70|12|10|0|1|
0|-1|T|960|690|318|20|640|300|34|12|1|1|
1|-1|T|48|150|20|20|60|20|16|13|0|1|
1|-1|T|84|151|200|56|61|200|14|11|0|1|
1|-1|T|732|140|660|20|100|374|161|18|1|1|
1|-1|I|30|290|1380|-73|191|560|420||0|1|
1|-1|T|20|470|1209|10|301|367|133|170|0|1|
1|-1|T|928|917|301|110|428|113|34|36|0|1|
1|-1|T|300|1030|87|20|490|87|16|13|0|1|
1|-1|T|300|1052|73|20|512|73|14|11|0|1|
1|-1|T|1236|1030|92|148|490|92|16|13|0|1|
1|-1|T|1236|1052|92|148|512|92|14|11|0|1|
1|-1|T|960|1030|89|276|490|89|16|13|0|1|
1|-1|T|960|1052|94|276|512|94|14|11|0|1|
1|-1|B|48|1440|1344|20|809|374|55.7||0|1|
1|-1|T|48|1712|546|20|884.7|374|51|12|1|1|
1|-1|T|48|1236|159|20|550|144|13|10|0|1|
1|-1|T|48|1272|146|20|580|82|36|40|0|1|
1|-1|T|48|1350|217|20|620|197|13|10|0|1|
1|-1|T|444|1272|203|20|651|113|36|40|0|1|
1|-1|T|444|1350|195|20|691|177|13|10|0|1|
1|-1|T|840|1272|349|20|722|194|36|40|0|1|
1|-1|T|840|1350|145|20|762|132|13|10|0|1|
2|-1|T|48|140|24|20|60|24|16|13|0|1|
2|-1|T|88|141|159|60|61|159|14|11|0|1|
2|-1|T|48|190|780|20|100|374|76|40|1|1|
2|-1|T|960|196|432|20|200|374|168|16|1|1|
2|-1|T|-14|540|636|12|478|265|82|100|0|1|
2|-1|I|800|430|620|79|438|250|250||0|1|
2|-1|T|48|800|187|20|700|158|13|11|0|1|
2|-1|T|48|826|432|20|721|374|34|12|1|1|
2|-1|I|-80|930|700|-40|825|290|290||0|1|
2|-1|T|540|1030|648|132|895|270|82|100|0|1|
2|-1|T|618|1290|217|20|1119|184|13|11|0|1|
2|-1|T|618|1316|432|20|1140|374|17|12|1|1|
2|-1|T|-10|1560|1066|10|1227|364|67|82|0|1|
2|-1|I|660|1290|880|34|1234|380|380||0|1|
2|-1|T|48|1830|316|20|1614|267|13|11|0|1|
2|-1|T|48|1856|432|20|1635|374|17|12|1|1|
3|-1|I|0|1280|1440|0|1376|414|220.5||0|1|
3|-1|I|0|1948|1440|0|1807.5|414|185.1||0|1|
3|-1|T|48|140|24|20|60|24|16|13|0|1|
3|-1|T|88|141|137|60|61|137|14|11|0|1|
3|-1|T|48|190|904|20|100|374|152|40|1|1|
3|-1|T|1074|196|318|20|276|374|168|16|1|1|
3|-1|T|48|654|171|20|514|155|13|10|0|1|
3|-1|T|30|700|907|12|540|348|75|92|0|1|
3|-1|I|1040|580|370|93|615|130|260||0|1|
3|-1|R|48|1065|40|20|841.6|11.6|21.7||0|1|
3|-1|T|62|1148|10|24.1|865.6|3|4|3.2|0|1|
3|-1|R|110|1072|40|37.9|843.7|11.6|19.6||0|1|
3|-1|T|124|1148|14|42|865.6|4|4|3.2|0|1|
3|-1|R|172|1053|40|55.9|838.1|11.6|25.2||0|1|
3|-1|T|186|1148|13|59.9|865.6|4|4|3.2|0|1|
3|-1|R|234|1046|40|73.8|836|11.6|27.3||0|1|
3|-1|T|248|1148|10|77.9|865.6|3|4|3.2|0|1|
3|-1|R|296|1038|40|91.8|833.9|11.6|29.4||0|1|
3|-1|T|310|1148|13|95.8|865.6|4|4|3.2|0|1|
3|-1|R|358|1058|40|109.7|839.5|11.6|23.8||0|1|
3|-1|T|372|1148|11|113.8|865.6|4|4|3.2|0|1|
3|-1|R|420|1070|40|127.7|843|11.6|20.3||0|1|
3|-1|T|434|1148|11|131.7|865.6|4|4|3.2|0|1|
3|-1|R|482|1060|40|145.6|840.2|11.6|23.1||0|1|
3|-1|T|496|1148|10|149.7|865.6|3|4|3.2|0|1|
3|-1|R|544|1029|40|163.5|831.1|11.6|32.2||0|1|
3|-1|T|558|1148|11|167.6|865.6|3|4|3.2|0|1|
3|-1|R|606|1041|40|181.5|834.6|11.6|28.7||0|1|
3|-1|T|620|1148|11|185.5|865.6|4|4|3.2|0|1|
3|-1|R|668|1034|40|199.4|832.5|11.6|30.8||0|1|
3|-1|T|682|1148|11|203.5|865.6|3|4|3.2|0|1|
3|-1|R|730|990|40|217.4|819.9|11.6|43.4||0|1|
3|-1|T|744|1148|12|221.4|865.6|4|4|3.2|0|1|
3|-1|T|48|1215|660|20|887|374|34|12|1|1|
3|-1|T|48|1334|51|20|991|46|13|10|0|1|
3|-1|T|732|1380|349|18|1017|175|50|56|0|1|
3|-1|R|732|1540|660|20|1091|374|1||0|1|
3|-1|T|732|1558|20|20|1107|17|13|11|0|1|
3|-1|T|846|1551|280|56|1103|250|23|15|1|1|
3|-1|T|1312|1558|80|324|1107|70|13|11|1|1|
3|-1|R|732|1592|660|20|1138|374|1||0|1|
3|-1|T|732|1610|24|20|1154|20|13|11|0|1|
3|-1|T|846|1603|286|56|1150|250|23|15|1|1|
3|-1|T|1312|1610|80|324|1154|70|13|11|1|1|
3|-1|R|732|1644|660|20|1185|374|1||0|1|
3|-1|T|732|1662|24|20|1201|20|13|11|0|1|
3|-1|T|846|1655|345|56|1197|250|46|15|1|1|
3|-1|T|1312|1662|80|324|1201|70|13|11|1|1|
3|-1|R|732|1696|660|20|1255|374|1||0|1|
3|-1|T|732|1714|24|20|1271|21|13|11|0|1|
3|-1|T|846|1707|238|56|1267|250|23|15|1|1|
3|-1|T|1312|1714|80|324|1271|70|13|11|1|1|
3|-1|R|732|1748|660|20|1302|374|1||0|1|
3|-1|T|732|1766|24|20|1318|20|13|11|0|1|
3|-1|T|846|1759|349|56|1314|250|46|15|1|1|
3|-1|T|1312|1766|80|324|1318|70|13|11|1|1|
3|-1|T|48|2034|123|20|1636.5|112|13|10|0|1|
3|-1|T|20|2090|835|6|1658.5|354|139|178|0|1|
3|-1|T|880|2560|36|20|2131.7|36|16|13|0|1|
3|-1|T|880|2582|121|20|2153.7|121|14|11|0|1|
3|-1|T|1150|2560|39|200|2131.7|39|16|13|0|1|
3|-1|T|1150|2582|135|200|2153.7|135|14|11|0|1|
3|-1|T|48|2520|135|20|2002.7|123|13|10|0|1|
3|-1|R|230|2522|480|150|2004.7|200|8||0|1|
3|-1|T|720|2520|30|358|2002.7|28|13|10|0|1|
3|-1|T|48|2546|74|20|2024.7|68|13|10|0|1|
3|-1|R|230|2548|320|150|2026.7|133.3|8||0|1|
3|-1|T|560|2546|25|291.3|2024.7|22|13|10|0|1|
3|-1|T|48|2572|85|20|2046.7|77|13|10|0|1|
3|-1|R|230|2574|200|150|2048.7|83.3|8||0|1|
3|-1|T|440|2572|24|241.3|2046.7|22|13|10|0|1|
3|-1|T|48|2598|124|20|2068.7|113|13|10|0|1|
3|-1|R|230|2600|140|150|2070.7|58.3|8||0|1|
3|-1|T|380|2598|38|216.3|2068.7|35|13|10|0|1|
3|-1|T|48|2624|78|20|2090.7|71|13|10|0|1|
3|-1|R|230|2626|100|150|2092.7|41.7|8||0|1|
3|-1|T|340|2624|38|199.7|2090.7|34|13|10|0|1|
3|-1|T|48|2694|61|20|2227.7|55|13|10|0|1|
3|-1|T|30|2730|380|14|2249.7|152|79|96|0|1|
3|-1|I|700|2640|720|170|2239.7|230|166.1||0|1|
3|-1|R|48|2980|110|20|2425.8|66.3|10||0|1|
3|-1|T|48|3008|82|20|2447.8|75|13|10|0|1|
3|-1|R|160|2980|85|87.5|2425.8|51.3|10||0|1|
3|-1|T|368|3008|154|216|2447.8|140|13|10|0|1|
3|-1|R|246|2980|66|140.1|2425.8|40.1|10||0|1|
3|-1|T|48|3028|101|20|2465.8|92|13|10|0|1|
3|-1|R|315|2980|54|181.3|2425.8|32.6|10||0|1|
3|-1|T|368|3028|63|216|2465.8|57|13|10|0|1|
3|-1|R|370|2980|35|215.1|2425.8|21.3|10||0|1|
3|-1|T|48|3048|120|20|2483.8|109|13|10|0|1|
3|-1|R|408|2980|23|237.6|2425.8|13.8|10||0|1|
3|-1|T|368|3048|78|216|2483.8|71|13|10|0|1|
3|-1|R|432|2980|234|252.6|2425.8|141.4|10||0|1|
3|-1|T|48|3068|176|20|2501.8|160|13|10|0|1|
4|-1|T|48|140|24|20|60|24|16|13|0|1|
4|-1|T|88|141|158|60|61|158|14|11|0|1|
4|-1|T|48|190|750|20|100|374|152|40|1|1|
4|-1|T|960|196|432|20|276|374|144|16|1|1|
4|-1|I|340|560|760|27|440|360|432||0|1|
4|-1|T|48|1580|158|20|912|134|13|11|0|1|
4|-1|T|618|1580|161|20|1089|136|13|11|0|1|
4|-1|T|48|1630|264|20|937|264|84|11|0|1|
4|-1|T|390|1650|98|20|1037|40|55|44|0|1|↓
4|-1|T|48|1860|432|20|1363.6|374|34|12|1|1|
4|-1|F|618|1620|774|20|1110|374|241.6||0|1|
5|-1|T|48|140|24|20|60|24|16|13|0|1|
5|-1|T|88|141|194|60|61|194|14|11|0|1|
5|-1|T|48|190|682|20|100|374|114|40|1|1|
5|-1|T|960|196|432|20|238|374|168|16|1|1|
5|-1|I|-420|520|2400|-320|416|1100|397.4||0|1|
5|0|I|260|430|2600|-150|173|1000|361.2||0|1|
5|0|T|48|72|59|20|40|50|13|11|0|1|
5|0|T|150|72|79|80|41|72|13|10|0|1|
5|0|T|40|140|907|14|70|363|79|96|0|1|
5|0|T|48|400|774|20|159|374|24|22|1|1|
5|1|I|-300|430|2600|-430|221|1000|361.2||0|1|
5|1|T|48|72|63|20|40|53|13|11|0|1|
5|1|T|150|72|86|80|41|78|13|10|0|1|
5|1|T|40|140|582|14|70|233|79|96|0|1|
5|1|T|48|400|774|20|159|374|72|22|1|1|
5|2|I|-860|430|2600|-710|221|1000|361.2||0|1|
5|2|T|48|72|63|20|40|53|13|11|0|1|
5|2|T|150|72|109|80|41|99|13|10|0|1|
5|2|T|40|140|554|14|70|222|79|96|0|1|
5|2|T|48|400|774|20|159|374|72|22|1|1|
5|3|I|-1420|430|2600|-990|221|1000|361.2||0|1|
5|3|T|48|72|63|20|40|53|13|11|0|1|
5|3|T|150|72|180|80|41|164|13|10|0|1|
5|3|T|40|140|374|14|70|150|79|96|0|1|
5|3|T|48|400|774|20|159|374|72|22|1|1|
5|4|T|48|72|63|20|40|53|13|11|0|1|
5|4|T|150|72|40|80|41|37|13|10|0|1|
5|4|I|620|40|840|180|50|230|172.5||0|1|
5|4|T|48|130|320|20|80|160|90|48|0|1|
5|4|R|48|400|660|20|246.5|374|1||0|1|
5|4|T|48|408|164|20|256.5|107|23|26|0|1|
5|4|T|390|424|57|200|266.5|52|13|10|0|1|
5|4|R|48|462|660|20|298.5|374|1||0|1|
5|4|T|48|470|125|20|308.5|81|23|26|0|1|
5|4|T|390|486|50|200|318.5|46|13|10|0|1|
5|4|R|48|524|660|20|350.5|374|1||0|1|
5|4|T|48|532|91|20|360.5|59|23|26|0|1|
5|4|T|390|548|85|200|370.5|77|13|10|0|1|
5|4|R|48|586|660|20|402.5|374|1||0|1|
5|4|T|48|594|67|20|412.5|44|23|26|0|1|
5|4|T|390|610|70|200|422.5|64|13|10|0|1|
5|4|R|48|648|660|20|454.5|374|1||0|1|
5|4|T|48|656|106|20|464.5|69|23|26|0|1|
5|4|T|390|672|109|200|474.5|99|13|10|0|1|
5|4|R|48|710|660|20|506.5|374|1||0|1|
5|4|T|48|718|69|20|516.5|45|23|26|0|1|
5|4|T|390|734|135|200|526.5|123|13|10|0|1|
6|-1|T|48|140|24|20|60|24|16|13|0|1|
6|-1|T|88|141|81|60|61|81|14|11|0|1|
6|-1|T|48|190|664|20|100|374|114|40|1|1|
6|-1|T|960|196|432|20|238|374|168|16|1|1|
6|-1|I|-260|420|1960|-273|491|980|748.5||0|1|
6|-1|E|693|1143|14|200|849|14|14||0|1|
6|-1|T|716|1120|16|215|841|14|13|11|0|1|
6|-1|T|520|940|28|117|751|23|13|11|0|1|
6|-1|T|1000|980|39|357|771|33|13|11|0|1|
6|-1|T|980|1470|62|347|1016|52|13|11|0|1|
6|-1|T|30|1930|923|12|1246|370|79|96|0|1|
7|-1|T|48|140|23|20|60|23|16|13|0|1|
7|-1|T|87|141|150|59|61|150|14|11|0|1|
7|-1|T|48|190|721|20|100|374|76|40|1|1|
7|-1|T|846|480|432|20|200|374|144|16|1|1|
7|-1|T|40|740|918|20|394|357|57|70|0|1|
7|-1|T|988|740|112|20|455|39|51|62|0|1|
7|-1|T|511|910|889|69|455|307|51|62|0|1|
7|-1|I|-60|1120|1560|-73|556|560|388.8||0|1|
8|-1|I|170|160|1100|-23|80|460|383.5||0|1|
8|-1|T|48|140|25|20|60|25|16|13|0|1|
8|-1|T|89|141|60|61|61|60|14|11|0|1|
8|-1|T|48|1290|769|20|473.5|374|76|40|1|1|
8|-1|T|504|1700|660|20|573.5|374|161|18|1|1|
8|-1|B|846|2080|420|57|774.5|300|300||0|1|
8|-1|T|317|2602|52|20|1198.5|44|13|11|0|1|
8|-1|T|317|2626|245|20|1219.5|180|54|13|1|1|
8|-1|T|586|2602|109|214|1198.5|92|13|11|0|1|
8|-1|T|586|2626|245|214|1219.5|180|54|13|1|1|
8|-1|T|854|2602|24|20|1301.5|20|13|11|0|1|
8|-1|T|854|2626|245|20|1322.5|180|54|13|1|1|
8|-1|T|1123|2602|80|214|1301.5|67|13|11|0|1|
8|-1|T|1123|2626|245|214|1322.5|180|36|13|1|1|
8|-1|T|48|2602|60|20|1124.5|51|13|11|0|1|
8|-1|T|48|2626|176|20|1145.5|374|25|18|1|1|
8|-1|T|-10|2840|1284|-4|1436.5|465|67|84|0|1|
