# Figma 768 layout export: chapter|state|type|desk x|desk y|desk w|tab x|tab y|tab w|tab h|tab font|fixed width|visible|tablet text
#H 1344,1454,2537,2518,1473,5341,2125,1696,2324
#S 711,783,783,783,928
#K 0.75
0|-1|B|48|830|1344|40|1200|561|29.2||0|1|
0|-1|I|-80|-70|1650|-1298.6|-30|3205.6|2003.5||0|1|
0|-1|T|36|214|1232|34|450|462|70|87|0|1|
0|-1|T|30|400|1480|31|546|555|70|87|0|1|
0|-1|T|48|96|207|40|78|239|18|15|0|1|
0|-1|T|732|96|47|672.5|78|55|18|15|0|1|
0|-1|T|48|690|546|40|840|508|78|30|1|1|
0|-1|T|48|800|168|40|1037|194|18|15|0|1|
0|-1|T|600|690|318|40|960|508|50|18|1|1|
0|-1|S|1242|600|150|572|840|156|277.5||0|1|
0|-1|T|960|700|261|40|1079|321|17|13.5|0|1|
0|-1|T|960|724|250|40|1105|508|21|15|1|1|
1|-1|T|48|150|20|40|90|29|23|19.5|0|1|
1|-1|T|84|151|200|93|91|300|21|16.5|0|1|
1|-1|T|732|140|660|40|150|688|175|27|1|1|
1|-1|I|30|290|1380|-135.4|286.5|1038.8|779.1||0|1|
1|-1|T|20|470|1209|25|381.5|551|199|255|0|1|
1|-1|T|928|917|301|205.6|572|170|51|54|0|1|
1|-1|T|300|1030|87|40|665|130|23|19.5|0|1|
1|-1|T|300|1052|73|40|697|110|21|16.5|0|1|
1|-1|T|1236|1030|92|295.5|665|138|23|19.5|0|1|
1|-1|T|1236|1052|92|295.5|697|138|21|16.5|0|1|
1|-1|T|960|1030|89|510.9|665|133|23|19.5|0|1|
1|-1|T|960|1052|94|510.9|697|141|21|16.5|0|1|
1|-1|B|48|1440|1344|40|1143.5|561|83.5||0|1|
1|-1|T|48|1712|546|40|1257|688|75|18|1|1|
1|-1|T|48|1236|152|40|755|207|19|15|0|1|
1|-1|T|48|1272|146|40|800|122|54|60|0|1|
1|-1|T|48|1350|217|40|860|295|19|15|0|1|
1|-1|T|444|1272|203|40|906.5|170|54|60|0|1|
1|-1|T|444|1350|195|40|966.5|266|19|15|0|1|
1|-1|T|840|1272|349|40|1013|291|54|60|0|1|
1|-1|T|840|1350|145|40|1073|198|19|15|0|1|
2|-1|T|48|140|24|40|90|36|23|19.5|0|1|
2|-1|T|88|141|159|100|91|239|21|16.5|0|1|
2|-1|T|48|190|780|40|150|688|112|60|1|1|
2|-1|T|960|196|432|40|300|688|216|24|1|1|
2|-1|T|-14|540|636|28|681|398|123|150|0|1|
2|-1|T|48|800|187|40|1014|237|20|16.5|0|1|
2|-1|T|48|826|432|40|1045.5|688|25|18|1|1|
2|-1|T|540|1030|648|335|1281.5|405|123|150|0|1|
2|-1|T|618|1290|217|40|1617.5|276|20|16.5|0|1|
2|-1|T|618|1316|432|40|1649|688|25|18|1|1|
2|-1|T|-10|1560|1066|25|1779.5|546|101|123|0|1|
2|-1|T|48|1830|316|40|2360|401|20|16.5|0|1|
2|-1|T|48|1856|432|40|2391.5|688|25|18|1|1|
3|-1|T|48|140|24|40|90|36|23|19.5|0|1|
3|-1|T|88|141|128|100|91|191|21|16.5|0|1|
3|-1|T|48|190|811|40|150|688|112|60|1|1|
3|-1|T|1074|196|318|40|298|688|72|24|1|1|
3|-1|R|732|1531|660|40|2044.3|688|1.5||0|1|
3|-1|T|732|1549|20|40|2068.3|25|20|16.5|0|1|
3|-1|T|846|1542|280|106.2|2062.3|520|34|22.5|1|1|
3|-1|T|1312|1549|80|623|2068.3|105|20|16.5|1|1|
3|-1|R|732|1583|660|40|2114.8|688|1.5||0|1|
3|-1|T|732|1601|24|40|2138.8|30|20|16.5|0|1|
3|-1|T|846|1594|286|106.2|2132.8|520|34|22.5|1|1|
3|-1|T|1312|1601|80|623|2138.8|105|20|16.5|1|1|
3|-1|R|732|1635|660|40|2185.3|688|1.5||0|1|
3|-1|T|732|1653|24|40|2209.3|30|20|16.5|0|1|
3|-1|T|846|1646|345|106.2|2203.3|520|34|22.5|1|1|
3|-1|T|1312|1653|80|623|2209.3|105|20|16.5|1|1|
3|-1|R|732|1687|660|40|2290.3|688|1.5||0|1|
3|-1|T|732|1705|24|40|2314.3|31|20|16.5|0|1|
3|-1|T|846|1698|238|106.2|2308.3|520|34|22.5|1|1|
3|-1|T|1312|1705|80|623|2314.3|105|20|16.5|1|1|
3|-1|R|732|1739|660|40|2360.8|688|1.5||0|1|
3|-1|T|732|1757|24|40|2384.8|30|20|16.5|0|1|
3|-1|T|846|1750|349|106.2|2378.8|520|34|22.5|1|1|
3|-1|T|1312|1757|80|623|2384.8|105|20|16.5|1|1|
3|-1|T|48|470|291|40|430|357|17|13.5|0|1|
3|-1|S|48|500|300|40|460|255|453.3||0|1|
3|-1|I|18|1080|360|325|455.2|403|403||0|1|
3|-1|T|48|1460|300|325|873.2|403|21|15|1|1|
3|-1|T|440|470|141|40|967.3|163|19|15|0|1|
3|-1|T|440|504|952|40|1001.3|688|94|42|1|1|
3|-1|T|440|660|324|40|1107.3|688|28|19.5|1|1|
3|-1|T|440|740|192|40|1189.3|221|19|15|0|1|
3|-1|T|440|774|832|40|1223.3|688|111|25.5|1|1|
3|-1|T|440|953|275|40|1382.3|318|19|15|0|1|
3|-1|T|440|987|832|40|1416.3|688|66|22.5|1|1|
3|-1|X|440|1075|832|40|1509.3|688|120||0|1|
3|-1|T|440|1239|402|40|1644.3|688|24|16.5|1|1|
3|-1|T|440|1295|241|40|1716.3|277|19|15|0|1|
3|-1|T|440|1329|832|40|1750.3|688|74|25.5|1|1|
3|-1|T|48|1531|292|40|1908.3|337|19|15|0|1|
3|-1|T|48|1565|560|40|1942.3|688|66|22.5|1|1|
4|-1|T|48|140|24|40|90|36|23|19.5|0|1|
4|-1|T|88|141|158|100|91|236|21|16.5|0|1|
4|-1|T|48|190|750|40|150|688|224|60|1|1|
4|-1|T|960|196|432|40|414|688|180|24|1|1|
4|-1|T|48|660|158|40|624|201|20|16.5|0|1|
4|-1|T|618|660|161|40|889.5|204|20|16.5|0|1|
4|-1|T|48|710|264|40|661.5|395|126|16.5|0|1|
4|-1|T|390|730|98|40|811.5|48|59|66|0|1|↓
4|-1|T|48|940|432|40|1301.4|561|50|18|1|1|
4|-1|F|618|700|774|40|921|561|362.4||0|1|
5|-1|T|48|140|24|40|90|35|23|19.5|0|1|
5|-1|T|88|141|194|99|91|291|21|16.5|0|1|
5|-1|T|48|190|682|40|150|688|168|60|1|1|
5|-1|T|960|196|432|40|357|688|216|24|1|1|
5|0|T|48|72|59|40|60|74|20|16.5|0|1|
5|0|T|150|72|205|150.4|61.5|279|19|15|0|1|
5|0|T|40|140|907|31|105|545|118|144|0|1|
5|0|T|48|400|774|40|238.5|688|36|33|1|1|
5|1|T|48|72|63|40|60|80|20|16.5|0|1|
5|1|T|150|72|218|150.4|61.5|297|19|15|0|1|
5|1|T|40|140|582|31|105|349|118|144|0|1|
5|1|T|48|400|774|40|238.5|688|108|33|1|1|
5|2|T|48|72|63|40|60|80|20|16.5|0|1|
5|2|T|150|72|241|150.4|61.5|329|19|15|0|1|
5|2|T|40|140|554|31|105|333|118|144|0|1|
5|2|T|48|400|774|40|238.5|688|108|33|1|1|
5|3|T|48|72|63|40|60|80|20|16.5|0|1|
5|3|T|150|72|313|150.4|61.5|426|19|15|0|1|
5|3|T|40|140|374|31|105|224|118|144|0|1|
5|3|T|48|400|774|40|238.5|688|108|33|1|1|
5|4|T|48|72|63|40|60|79|20|16.5|0|1|
5|4|T|150|72|173|150.4|61.5|235|19|15|0|1|
5|4|I|620|40|840|334.3|75|345|258.8||0|1|
5|4|T|48|130|387|40|120|290|136|72|0|1|
5|4|R|48|400|660|40|369.8|688|1.5||0|1|
5|4|T|48|408|164|40|384.8|160|35|39|0|1|
5|4|T|390|424|57|371.1|399.8|78|19|15|0|1|
5|4|R|48|462|660|40|447.8|688|1.5||0|1|
5|4|T|48|470|125|40|462.8|122|35|39|0|1|
5|4|T|390|486|50|371.1|477.8|69|19|15|0|1|
5|4|R|48|524|660|40|525.8|688|1.5||0|1|
5|4|T|48|532|91|40|540.8|89|35|39|0|1|
5|4|T|390|548|85|371.1|555.8|115|19|15|0|1|
5|4|R|48|586|660|40|603.8|688|1.5||0|1|
5|4|T|48|594|67|40|618.8|66|35|39|0|1|
5|4|T|390|610|70|371.1|633.8|96|19|15|0|1|
5|4|R|48|648|660|40|681.8|688|1.5||0|1|
5|4|T|48|656|106|40|696.8|103|35|39|0|1|
5|4|T|390|672|109|371.1|711.8|148|19|15|0|1|
5|4|R|48|710|660|40|759.8|688|1.5||0|1|
5|4|T|48|718|69|40|774.8|67|35|39|0|1|
5|4|T|390|734|135|371.1|789.8|184|19|15|0|1|
5|-1|T|960|520|432|40|603|688|102|22.5|1|1|
6|-1|T|48|140|24|40|90|36|23|19.5|0|1|
6|-1|T|88|141|81|100|91|121|21|16.5|0|1|
6|-1|T|48|190|664|40|150|688|168|60|1|1|
6|-1|T|960|196|432|40|357|688|180|24|1|1|
6|-1|I|-260|420|1960|-336|768.5|1470|1122.8||0|1|
6|-1|E|693|1143|14|373.5|1305.5|21|21||0|1|
6|-1|T|716|1120|16|396|1293.5|20|20|16.5|0|1|
6|-1|T|520|940|28|249|1158.5|35|20|16.5|0|1|
6|-1|T|1000|980|39|609|1188.5|50|20|16.5|0|1|
6|-1|T|980|1470|62|594|1556|78|20|16.5|0|1|
6|-1|T|30|1930|923|28|1901|554|118|144|0|1|
6|-1|T|960|440|432|40|567|688|68|22.5|1|1|
7|-1|T|48|140|23|40|90|34|23|19.5|0|1|
7|-1|T|87|141|150|98|91|225|21|16.5|0|1|
7|-1|T|48|190|721|40|150|688|112|60|1|1|
7|-1|T|846|480|432|40|300|688|180|24|1|1|
7|-1|T|40|740|918|40|555|536|86|105|0|1|
7|-1|T|988|740|112|40|646.5|58|76|93|0|1|
7|-1|T|511|910|889|113.5|646.5|460|76|93|0|1|
7|-1|I|-60|1120|1560|-135.4|798|1038.8|721.2||0|1|
7|-1|T|960|1300|432|40|1504.2|688|102|22.5|1|1|
8|-1|T|48|140|25|40|90|37|23|19.5|0|1|
8|-1|T|89|141|60|101|91|90|21|16.5|0|1|
8|-1|T|48|240|757|40|173|688|56|60|1|1|
8|-1|T|504|430|660|40|265|688|210|27|1|1|
8|-1|B|846|803|420|159|535|450|450||0|1|
8|-1|T|317|2198|52|40|1904|66|20|16.5|0|1|
8|-1|T|317|2222|245|40|1935.5|270|81|19.5|1|1|
8|-1|T|586|2198|109|331|1904|138|20|16.5|0|1|
8|-1|T|586|2222|245|331|1935.5|270|81|19.5|1|1|
8|-1|T|854|2198|24|40|2058.5|30|20|16.5|0|1|
8|-1|T|854|2222|245|40|2090|270|81|19.5|1|1|
8|-1|T|1123|2198|80|331|2058.5|101|20|16.5|0|1|
8|-1|T|1123|2222|245|331|2090|270|108|19.5|1|1|
8|-1|T|48|2198|60|40|1793|76|20|16.5|0|1|
8|-1|T|48|2222|176|40|1824.5|561|37|27|1|1|
8|-1|T|-10|2436|1284|-6|2261|698|101|126|0|1|
8|-1|T|504|1343|145|40|1069|167|19|15|0|1|
8|-1|T|504|1379|660|40|1106|688|48|48|1|1|
8|-1|T|504|1527|660|40|1175|688|105|24|1|1|
8|-1|Q|504|1664|660|40|1310|688|69||0|1|
8|-1|Q|504|1742|660|40|1394|688|150||0|1|
8|-1|Btn|504|1902|280|40|1565|330|72||0|1|
8|-1|T|504|1976|660|40|1649|688|54|18|1|1|
